[[0.40814696 0.44463764 0.46729869 0.46874123]
 [0.41603741 0.45061139 0.46088193 0.47940002]
 [0.42349316 0.45446461 0.45553622 0.49024763]
 [0.430167   0.44840953 0.45889545 0.50124428]
 [0.43380897 0.44497286 0.46010808 0.51204689]]
[[0.40940713 0.44224074 0.46002919 0.46750319]
 [0.41706079 0.4487001  0.46112644 0.4715644 ]
 [0.42431013 0.45404163 0.45479225 0.48319514]
 [0.43080657 0.4488374  0.45770563 0.49492324]
 [0.43433838 0.44548489 0.45903505 0.50663182]]
[[3.49840248e+14 3.81117979e+14 4.00541736e+14 4.01778198e+14]
 [3.56603494e+14 3.86238334e+14 3.95041653e+14 4.10914304e+14]
 [3.62994141e+14 3.89541091e+14 3.90459618e+14 4.20212254e+14]
 [3.68714574e+14 3.84351028e+14 3.93338955e+14 4.29637955e+14]
 [3.71836257e+14 3.81405311e+14 3.94378352e+14 4.38897331e+14]]
[[3.50920400e+14 3.79063494e+14 3.94310735e+14 4.00717025e+14]
 [3.57480676e+14 3.84600088e+14 3.95251237e+14 4.04198059e+14]
 [3.63694398e+14 3.89178543e+14 3.89821928e+14 4.14167263e+14]
 [3.69262776e+14 3.84717768e+14 3.92319108e+14 4.24219917e+14]
 [3.72290038e+14 3.81844195e+14 3.93458617e+14 4.34255843e+14]]
[[3.49840248e+14 3.81117978e+14 4.00541731e+14 4.01778198e+14]
 [3.56603494e+14 3.86238334e+14 3.95041653e+14 4.10914304e+14]
 [3.62994141e+14 3.89541091e+14 3.90459618e+14 4.20212254e+14]
 [3.68714574e+14 3.84351028e+14 3.93338955e+14 4.29637955e+14]
 [3.71836257e+14 3.81405311e+14 3.94378352e+14 4.38897331e+14]]
[[3.50920401e+14 3.79063498e+14 3.94310733e+14 4.00717025e+14]
 [3.57480676e+14 3.84600089e+14 3.95251237e+14 4.04198059e+14]
 [3.63694398e+14 3.89178543e+14 3.89821928e+14 4.14167263e+14]
 [3.69262776e+14 3.84717768e+14 3.92319108e+14 4.24219917e+14]
 [3.72290038e+14 3.81844195e+14 3.93458617e+14 4.34255843e+14]]
