resolution: 32.0, a: 0.37, wid: 0.2, cellsize:4
[[3.36269856e+14 3.67301078e+14 3.81794831e+14 3.87094516e+14]
 [3.43104471e+14 3.72566806e+14 3.81508761e+14 3.90402652e+14]
 [3.49571456e+14 3.76023145e+14 3.76981904e+14 3.99058988e+14]
 [3.55388284e+14 3.70785135e+14 3.80055924e+14 4.07882186e+14]
 [3.58618361e+14 3.67747172e+14 3.81184268e+14 4.16835040e+14]]
resolution: 32.0, a: 0.37, wid: 0.2, cellsize:5
[[3.37510995e+14 3.64931324e+14 3.73933640e+14 3.87271940e+14]
 [3.44133401e+14 3.70677431e+14 3.81611988e+14 3.83405283e+14]
 [3.50405683e+14 3.75522538e+14 3.76378874e+14 3.92563177e+14]
 [3.56045730e+14 3.71252019e+14 3.78928724e+14 4.02001262e+14]
 [3.59156473e+14 3.68310310e+14 3.80190480e+14 4.11525113e+14]]
resolution: 32.0, a: 0.37, wid: 0.2, cellsize:6
[[3.37903957e+14 3.63897380e+14 3.70223612e+14 3.87292733e+14]
 [3.44429006e+14 3.69929953e+14 3.79737411e+14 3.81987059e+14]
 [3.50622486e+14 3.75015673e+14 3.76454092e+14 3.89549765e+14]
 [3.56198184e+14 3.71356965e+14 3.78598831e+14 3.99283957e+14]
 [3.59267836e+14 3.68444715e+14 3.79930067e+14 4.09072063e+14]]
resolution: 32.0, a: 0.37, wid: 0.2, cellsize:7
[[3.38027443e+14 3.63380900e+14 3.68299528e+14 3.82228726e+14]
 [3.44513848e+14 3.69593765e+14 3.78077005e+14 3.81926632e+14]
 [3.50679188e+14 3.74816443e+14 3.76472509e+14 3.87988695e+14]
 [3.56234042e+14 3.71381468e+14 3.78490942e+14 3.97875074e+14]
 [3.59291196e+14 3.68477106e+14 3.79855878e+14 4.07796049e+14]]
resolution: 32.0, a: 0.37, wid: 0.2, cellsize:8
[[3.38066414e+14 3.63099175e+14 3.67211288e+14 3.78341022e+14]
 [3.44538397e+14 3.69430273e+14 3.77116418e+14 3.88091263e+14]
 [3.50694197e+14 3.74732279e+14 3.76477956e+14 3.87101030e+14]
 [3.56242601e+14 3.71387382e+14 3.78453157e+14 3.97071625e+14]
 [3.59296145e+14 3.68484947e+14 3.79833658e+14 4.07065335e+14]]
resolution: 32.0, a: 0.37, wid: 0.2, cellsize:9
[[3.38078810e+14 3.62935782e+14 3.66549597e+14 3.75611810e+14]
 [3.44545567e+14 3.69346616e+14 3.76527418e+14 3.85444649e+14]
 [3.50698187e+14 3.74695095e+14 3.76479888e+14 3.86557209e+14]
 [3.56244637e+14 3.71388807e+14 3.78439261e+14 3.96577784e+14]
 [3.59297178e+14 3.68486791e+14 3.79826715e+14 4.06614387e+14]]
resolution: 32.0, a: 0.37, wid: 0.2, cellsize:10
[[3.38082771e+14 3.62836699e+14 3.66122890e+14 3.73627434e+14]
 [3.44547643e+14 3.69302275e+14 3.76145346e+14 3.83518554e+14]
 [3.50699234e+14 3.74678160e+14 3.76480655e+14 3.86203918e+14]
 [3.56245100e+14 3.71389113e+14 3.78433948e+14 3.96255842e+14]
 [3.59297371e+14 3.68487162e+14 3.79824419e+14 4.06319332e+14]]
resolution: 32.0, a: 0.37, wid: 0.20333333333333334, cellsize:4
[[3.35779874e+14 3.66045954e+14 3.81651483e+14 3.86263568e+14]
 [3.42580581e+14 3.71238626e+14 3.80723998e+14 3.90245509e+14]
 [3.49021866e+14 3.75245487e+14 3.75581364e+14 3.98920571e+14]
 [3.54834262e+14 3.70003913e+14 3.78595400e+14 4.07753500e+14]
 [3.58095453e+14 3.66932298e+14 3.79698782e+14 4.16711648e+14]]
resolution: 32.0, a: 0.37, wid: 0.20333333333333334, cellsize:5
[[3.37002766e+14 3.63766045e+14 3.73853045e+14 3.86442439e+14]
 [3.43592881e+14 3.69421294e+14 3.80902480e+14 3.83233768e+14]
 [3.49842156e+14 3.74175032e+14 3.75591688e+14 3.92490799e+14]
 [3.55481480e+14 3.70457033e+14 3.77503563e+14 4.01937805e+14]
 [3.58625835e+14 3.67479225e+14 3.78732227e+14 4.11466539e+14]]
resolution: 32.0, a: 0.37, wid: 0.20333333333333334, cellsize:6
[[3.37385615e+14 3.62796925e+14 3.70176934e+14 3.86465453e+14]
 [3.43880571e+14 3.68722319e+14 3.79672335e+14 3.81202297e+14]
 [3.50053197e+14 3.73700951e+14 3.75663286e+14 3.89508409e+14]
 [3.55630272e+14 3.70557189e+14 3.77193152e+14 3.99249073e+14]
 [3.58734755e+14 3.67608009e+14 3.78485498e+14 4.09040370e+14]]
resolution: 32.0, a: 0.37, wid: 0.20333333333333334, cellsize:7
[[3.37504675e+14 3.62326518e+14 3.68271022e+14 3.82207471e+14]
 [3.43962334e+14 3.68417463e+14 3.78051466e+14 3.81119284e+14]
 [3.50107905e+14 3.73520535e+14 3.75680245e+14 3.87963277e+14]
 [3.55665017e+14 3.70580246e+14 3.77094856e+14 3.97854140e+14]
 [3.58757462e+14 3.67638741e+14 3.78417240e+14 4.07777139e+14]]
resolution: 32.0, a: 0.37, wid: 0.20333333333333334, cellsize:8
[[3.37541910e+14 3.62077917e+14 3.67192927e+14 3.78328708e+14]
 [3.43985805e+14 3.68274094e+14 3.77100957e+14 3.88077907e+14]
 [3.50122292e+14 3.73446917e+14 3.75685065e+14 3.87084409e+14]
 [3.55673277e+14 3.70585784e+14 3.77061634e+14 3.97058146e+14]
 [3.58762266e+14 3.67646179e+14 3.78397489e+14 4.07053174e+14]]
resolution: 32.0, a: 0.37, wid: 0.20333333333333334, cellsize:9
[[3.37553662e+14 3.61938641e+14 3.66537132e+14 3.75604275e+14]
 [3.43992621e+14 3.68203328e+14 3.76517120e+14 3.85436538e+14]
 [3.50126112e+14 3.73415570e+14 3.75686721e+14 3.86545817e+14]
 [3.55675261e+14 3.70587160e+14 3.77049911e+14 3.96568617e+14]
 [3.58763284e+14 3.67647985e+14 3.78391592e+14 4.06606104e+14]]
resolution: 32.0, a: 0.37, wid: 0.20333333333333334, cellsize:10
[[3.37557408e+14 3.61857294e+14 3.66114090e+14 3.73622655e+14]
 [3.43994603e+14 3.68167243e+14 3.76138137e+14 3.83513383e+14]
 [3.50127126e+14 3.73401850e+14 3.75687379e+14 3.86195732e+14]
 [3.55675729e+14 3.70587501e+14 3.77045625e+14 3.96249303e+14]
 [3.58763491e+14 3.67648411e+14 3.78389773e+14 4.06313421e+14]]
resolution: 32.0, a: 0.37, wid: 0.20666666666666667, cellsize:4
[[3.35310352e+14 3.64759495e+14 3.81512193e+14 3.85452562e+14]
 [3.42078203e+14 3.69876452e+14 3.79955200e+14 3.90095893e+14]
 [3.48495121e+14 3.74145299e+14 3.74485575e+14 3.98786962e+14]
 [3.54305725e+14 3.69238587e+14 3.77099122e+14 4.07629053e+14]
 [3.57603966e+14 3.66127604e+14 3.78177759e+14 4.16539628e+14]]
resolution: 32.0, a: 0.37, wid: 0.20666666666666667, cellsize:5
[[3.36515055e+14 3.62564696e+14 3.73774961e+14 3.85632475e+14]
 [3.43073952e+14 3.68126824e+14 3.80166145e+14 3.83110522e+14]
 [3.49301499e+14 3.72788252e+14 3.74822015e+14 3.92421403e+14]
 [3.54942631e+14 3.69678017e+14 3.76039692e+14 4.01876477e+14]
 [3.58126417e+14 3.66658544e+14 3.77235974e+14 4.11409773e+14]]
resolution: 32.0, a: 0.37, wid: 0.20666666666666667, cellsize:6
[[3.36888112e+14 3.61656078e+14 3.70131916e+14 3.85656853e+14]
 [3.43353934e+14 3.67472659e+14 3.79565683e+14 3.80479302e+14]
 [3.49506862e+14 3.72344044e+14 3.74889926e+14 3.89469023e+14]
 [3.55087736e+14 3.69773404e+14 3.75746741e+14 3.99215382e+14]
 [3.58232780e+14 3.66781771e+14 3.77001374e+14 4.09009629e+14]]
resolution: 32.0, a: 0.37, wid: 0.20666666666666667, cellsize:7
[[3.37002909e+14 3.61227622e+14 3.68243578e+14 3.82185304e+14]
 [3.43432688e+14 3.67195917e+14 3.78025383e+14 3.80331777e+14]
 [3.49559559e+14 3.72180188e+14 3.74905388e+14 3.87939190e+14]
 [3.55121285e+14 3.69794938e+14 3.75656637e+14 3.97833924e+14]
 [3.58254717e+14 3.66810784e+14 3.76938038e+14 4.07758794e+14]]
resolution: 32.0, a: 0.37, wid: 0.20666666666666667, cellsize:8
[[3.37038443e+14 3.61008282e+14 3.67175233e+14 3.78315707e+14]
 [3.43455058e+14 3.67069969e+14 3.77085828e+14 3.80310456e+14]
 [3.49573255e+14 3.72115460e+14 3.74909541e+14 3.87068699e+14]
 [3.55129150e+14 3.69799995e+14 3.75627038e+14 3.97045128e+14]
 [3.58259256e+14 3.66817714e+14 3.76920086e+14 4.07041359e+14]]
resolution: 32.0, a: 0.37, wid: 0.20666666666666667, cellsize:9
[[3.37049541e+14 3.60889596e+14 3.66525161e+14 3.75596160e+14]
 [3.43461462e+14 3.67009915e+14 3.76507153e+14 3.85427885e+14]
 [3.49576837e+14 3.72088765e+14 3.74910870e+14 3.86535074e+14]
 [3.55130988e+14 3.69801216e+14 3.75616846e+14 3.96559750e+14]
 [3.58260163e+14 3.66819378e+14 3.76914780e+14 4.06598046e+14]]
resolution: 32.0, a: 0.37, wid: 0.20666666666666667, cellsize:10
[[3.37053025e+14 3.60822776e+14 3.66105603e+14 3.73618239e+14]
 [3.43463300e+14 3.66980383e+14 3.76131119e+14 3.83508536e+14]
 [3.49577759e+14 3.72077439e+14 3.74911360e+14 3.86188063e+14]
 [3.55131393e+14 3.69801507e+14 3.75613181e+14 3.96243001e+14]
 [3.58260305e+14 3.66819768e+14 3.76913109e+14 4.06307676e+14]]
resolution: 32.0, a: 0.37, wid: 0.21000000000000002, cellsize:4
[[3.34880322e+14 3.63656586e+14 3.81390367e+14 3.84726699e+14]
 [3.41619774e+14 3.68712167e+14 3.79265832e+14 3.89964105e+14]
 [3.48015680e+14 3.72922980e+14 3.73805330e+14 3.98666049e+14]
 [3.53824950e+14 3.68553839e+14 3.75831085e+14 4.07513628e+14]
 [3.57157064e+14 3.65407119e+14 3.76891617e+14 4.16402076e+14]]
resolution: 32.0, a: 0.37, wid: 0.21000000000000002, cellsize:5
[[3.36069895e+14 3.61532094e+14 3.73707487e+14 3.84908301e+14]
 [3.42601871e+14 3.67018141e+14 3.79490232e+14 3.83019282e+14]
 [3.48810732e+14 3.71606176e+14 3.74133260e+14 3.92360200e+14]
 [3.54453778e+14 3.68981357e+14 3.74798226e+14 4.01820951e+14]
 [3.57673875e+14 3.65923801e+14 3.75970383e+14 4.11356810e+14]]
resolution: 32.0, a: 0.35, wid: 0.19, cellsize:4
[[3.20575204e+14 3.51280080e+14 3.67243141e+14 3.84689574e+14]
 [3.25739431e+14 3.58136747e+14 3.62882006e+14 3.90005183e+14]
 [3.30372067e+14 3.58792471e+14 3.64596609e+14 3.94413757e+14]
 [3.33967140e+14 3.55512964e+14 3.70327573e+14 3.97442023e+14]
 [3.35443562e+14 3.54140037e+14 3.73375295e+14 3.83751138e+14]]
resolution: 32.0, a: 0.35, wid: 0.19, cellsize:5
[[3.21008841e+14 3.52409563e+14 3.67311574e+14 3.82430769e+14]
 [3.26085799e+14 3.59056752e+14 3.62959490e+14 3.88208573e+14]
 [3.30650502e+14 3.58885330e+14 3.65331435e+14 3.93021422e+14]
 [3.34197691e+14 3.55623404e+14 3.70900429e+14 3.96352149e+14]
 [3.35655031e+14 3.54259665e+14 3.73847220e+14 3.97569601e+14]]
resolution: 32.0, a: 0.35, wid: 0.19, cellsize:6
[[3.21087307e+14 3.52736271e+14 3.67321524e+14 3.81511458e+14]
 [3.26142806e+14 3.59298465e+14 3.62969566e+14 3.87549642e+14]
 [3.30691769e+14 3.58897856e+14 3.65506232e+14 3.92575387e+14]
 [3.34228171e+14 3.55639376e+14 3.71022054e+14 3.96057284e+14]
 [3.35681188e+14 3.54277616e+14 3.73937274e+14 3.84334536e+14]]
resolution: 32.0, a: 0.35, wid: 0.19, cellsize:7
[[3.21101962e+14 3.52830694e+14 3.67323603e+14 3.81086212e+14]
 [3.26152539e+14 3.59362354e+14 3.62971130e+14 3.87276735e+14]
 [3.30698146e+14 3.58899710e+14 3.65548378e+14 3.92414689e+14]
 [3.34232367e+14 3.55641801e+14 3.71048428e+14 3.95968838e+14]
 [3.35684525e+14 3.54280389e+14 3.73954774e+14 3.97269663e+14]]
resolution: 32.0, a: 0.35, wid: 0.19, cellsize:8
[[3.21104763e+14 3.52858249e+14 3.67324201e+14 3.80873032e+14]
 [3.26154245e+14 3.59379475e+14 3.62971430e+14 3.87155373e+14]
 [3.30699163e+14 3.58900015e+14 3.65558721e+14 3.92352820e+14]
 [3.34232964e+14 3.55642185e+14 3.71054272e+14 3.95940624e+14]
 [3.35684965e+14 3.54280829e+14 3.73958242e+14 3.97252476e+14]]
resolution: 32.0, a: 0.35, wid: 0.19, cellsize:9
[[3.21105308e+14 3.52866389e+14 3.67324403e+14 3.80760379e+14]
 [3.26154553e+14 3.59384129e+14 3.62971503e+14 3.87098968e+14]
 [3.30699329e+14 3.58900071e+14 3.65561297e+14 3.92328028e+14]
 [3.34233053e+14 3.55642251e+14 3.71055590e+14 3.95931261e+14]
 [3.35685025e+14 3.54280902e+14 3.73958941e+14 3.97247634e+14]]
resolution: 32.0, a: 0.35, wid: 0.19, cellsize:10
[[3.21105415e+14 3.52868819e+14 3.67324473e+14 3.80698474e+14]
 [3.26154608e+14 3.59385406e+14 3.62971521e+14 3.87071953e+14]
 [3.30699359e+14 3.58900084e+14 3.65561949e+14 3.92317851e+14]
 [3.34233069e+14 3.55642263e+14 3.71055892e+14 3.95928071e+14]
 [3.35685035e+14 3.54280915e+14 3.73959083e+14 3.97246252e+14]]
resolution: 32.0, a: 0.35, wid: 0.191, cellsize:4
[[3.20294800e+14 3.51126363e+14 3.66827540e+14 3.84337253e+14]
 [3.25458990e+14 3.57973882e+14 3.62461667e+14 3.89632558e+14]
 [3.30097648e+14 3.58362648e+14 3.64427892e+14 3.94021009e+14]
 [3.33705858e+14 3.55067920e+14 3.70161074e+14 3.97032742e+14]
 [3.35192073e+14 3.53684494e+14 3.73221048e+14 3.83484437e+14]]
resolution: 32.0, a: 0.35, wid: 0.191, cellsize:5
[[3.20725480e+14 3.52250568e+14 3.66895787e+14 3.82100676e+14]
 [3.25803188e+14 3.58889318e+14 3.62538435e+14 3.87853689e+14]
 [3.30374603e+14 3.58454352e+14 3.65159056e+14 3.92641748e+14]
 [3.33935488e+14 3.55176817e+14 3.70731351e+14 3.95951741e+14]
 [3.35402861e+14 3.53802404e+14 3.73690994e+14 3.83958444e+14]]
resolution: 32.0, a: 0.35, wid: 0.191, cellsize:6
[[3.20803164e+14 3.52574784e+14 3.66905723e+14 3.81196502e+14]
 [3.25859663e+14 3.59129127e+14 3.62548346e+14 3.87205911e+14]
 [3.30415536e+14 3.58466628e+14 3.65332510e+14 3.92203171e+14]
 [3.33965773e+14 3.55192475e+14 3.70852159e+14 3.95661356e+14]
 [3.35428868e+14 3.53820011e+14 3.73780470e+14 3.96926410e+14]]
resolution: 32.0, a: 0.35, wid: 0.191, cellsize:7
[[3.20817625e+14 3.52668213e+14 3.66907795e+14 3.80781283e+14]
 [3.25869277e+14 3.59192339e+14 3.62549871e+14 3.86939687e+14]
 [3.30421844e+14 3.58468429e+14 3.65374225e+14 3.92046412e+14]
 [3.33969930e+14 3.55194835e+14 3.70878290e+14 3.95574899e+14]
 [3.35432184e+14 3.53822722e+14 3.73797835e+14 3.96865002e+14]]
resolution: 32.0, a: 0.35, wid: 0.191, cellsize:8
[[3.20820380e+14 3.52695404e+14 3.66908386e+14 3.80574853e+14]
 [3.25870958e+14 3.59209234e+14 3.62550160e+14 3.86822284e+14]
 [3.30422848e+14 3.58468722e+14 3.65384435e+14 3.91986562e+14]
 [3.33970521e+14 3.55195208e+14 3.70884068e+14 3.95547541e+14]
 [3.35432618e+14 3.53823148e+14 3.73801267e+14 3.96848344e+14]]
resolution: 32.0, a: 0.35, wid: 0.191, cellsize:9
[[3.20820917e+14 3.52703415e+14 3.66908593e+14 3.80466705e+14]
 [3.25871260e+14 3.59213814e+14 3.62550230e+14 3.86768198e+14]
 [3.30423014e+14 3.58468778e+14 3.65386975e+14 3.91962800e+14]
 [3.33970609e+14 3.55195271e+14 3.70885368e+14 3.95538537e+14]
 [3.35432678e+14 3.53823219e+14 3.73801956e+14 3.96843651e+14]]
resolution: 32.0, a: 0.35, wid: 0.191, cellsize:10
[[3.20821023e+14 3.52705804e+14 3.66908661e+14 3.80407878e+14]
 [3.25871314e+14 3.59215068e+14 3.62550247e+14 3.86742536e+14]
 [3.30423041e+14 3.58468789e+14 3.65387611e+14 3.91953112e+14]
 [3.33970624e+14 3.55195284e+14 3.70885665e+14 3.95535493e+14]
 [3.35432689e+14 3.53823232e+14 3.73802097e+14 3.96842326e+14]]
resolution: 32.0, a: 0.35, wid: 0.192, cellsize:4
[[3.19855359e+14 3.50912951e+14 3.66139628e+14 3.83815141e+14]
 [3.25022324e+14 3.57747485e+14 3.61765426e+14 3.89081417e+14]
 [3.29675018e+14 3.57648181e+14 3.64191768e+14 3.93442327e+14]
 [3.33310599e+14 3.54323533e+14 3.69922903e+14 3.96432383e+14]
 [3.34816566e+14 3.52919529e+14 3.72991543e+14 3.83149233e+14]]
resolution: 32.0, a: 0.35, wid: 0.192, cellsize:5
[[3.20281383e+14 3.52030576e+14 3.66207677e+14 3.81611465e+14]
 [3.25363146e+14 3.58657223e+14 3.61841019e+14 3.87328526e+14]
 [3.29949735e+14 3.57737918e+14 3.64918366e+14 3.92081890e+14]
 [3.33538930e+14 3.54429768e+14 3.70489995e+14 3.95363951e+14]
 [3.35026463e+14 3.53034456e+14 3.73459211e+14 3.83617787e+14]]
resolution: 32.0, a: 0.35, wid: 0.192, cellsize:6
[[3.20357831e+14 3.52351548e+14 3.66217600e+14 3.80729333e+14]
 [3.25418795e+14 3.58894575e+14 3.61850658e+14 3.86696876e+14]
 [3.29990159e+14 3.57749766e+14 3.65090080e+14 3.91653992e+14]
 [3.33568926e+14 3.54444883e+14 3.70609721e+14 3.95079876e+14]
 [3.35052262e+14 3.53051479e+14 3.73547982e+14 3.96331749e+14]]
resolution: 32.0, a: 0.35, wid: 0.192, cellsize:7
[[3.20371990e+14 3.52443680e+14 3.66219680e+14 3.80328614e+14]
 [3.25428221e+14 3.58956903e+14 3.61852114e+14 3.86440221e+14]
 [3.29996359e+14 3.57751474e+14 3.65131227e+14 3.91502825e+14]
 [3.33573024e+14 3.54447136e+14 3.70635532e+14 3.94996239e+14]
 [3.35055535e+14 3.53054078e+14 3.73565157e+14 3.96272135e+14]]
resolution: 32.0, a: 0.35, wid: 0.192, cellsize:8
[[3.20374673e+14 3.52470395e+14 3.66220269e+14 3.80131738e+14]
 [3.25429862e+14 3.58973504e+14 3.61852387e+14 3.86328430e+14]
 [3.29997339e+14 3.57751747e+14 3.65141262e+14 3.91445813e+14]
 [3.33573602e+14 3.54447487e+14 3.70641221e+14 3.94970081e+14]
 [3.35055955e+14 3.53054478e+14 3.73568539e+14 3.96256209e+14]]
resolution: 32.0, a: 0.35, wid: 0.192, cellsize:9
[[3.20375194e+14 3.52478242e+14 3.66220466e+14 3.80029925e+14]
 [3.25430151e+14 3.58977984e+14 3.61852447e+14 3.86277575e+14]
 [3.29997498e+14 3.57751796e+14 3.65143749e+14 3.91423462e+14]
 [3.33573687e+14 3.54447544e+14 3.70642497e+14 3.94961574e+14]
 [3.35056012e+14 3.53054544e+14 3.73569216e+14 3.96251757e+14]]
resolution: 32.0, a: 0.35, wid: 0.192, cellsize:10
[[3.20375292e+14 3.52480568e+14 3.66220537e+14 3.79975276e+14]
 [3.25430205e+14 3.58979210e+14 3.61852465e+14 3.86253794e+14]
 [3.29997524e+14 3.57751805e+14 3.65144371e+14 3.91414470e+14]
 [3.33573700e+14 3.54447555e+14 3.70642787e+14 3.94958734e+14]
 [3.35056021e+14 3.53054555e+14 3.73569354e+14 3.96250510e+14]]
resolution: 32.0, a: 0.35, wid: 0.193, cellsize:4
[[3.19562318e+14 3.50775427e+14 3.65628606e+14 3.83502580e+14]
 [3.24734945e+14 3.57602784e+14 3.61244712e+14 3.88752387e+14]
 [3.29403678e+14 3.57108405e+14 3.64043961e+14 3.93098101e+14]
 [3.33067803e+14 3.53753382e+14 3.69782285e+14 3.96076551e+14]
 [3.34593792e+14 3.52328761e+14 3.72869987e+14 3.82882133e+14]]
resolution: 32.0, a: 0.35, wid: 0.193, cellsize:5
[[3.19985203e+14 3.51888413e+14 3.65696630e+14 3.81318437e+14]
 [3.25073504e+14 3.58508557e+14 3.61319528e+14 3.87014933e+14]
 [3.29676925e+14 3.57196772e+14 3.64767489e+14 3.91748934e+14]
 [3.33295317e+14 3.53857737e+14 3.70347398e+14 3.95015786e+14]
 [3.34803149e+14 3.52441574e+14 3.73336217e+14 3.83346316e+14]]
resolution: 32.0, a: 0.35, wid: 0.193, cellsize:6
[[3.20060837e+14 3.52207191e+14 3.65706605e+14 3.80449229e+14]
 [3.25128620e+14 3.58744272e+14 3.61328992e+14 3.86392722e+14]
 [3.29717030e+14 3.57208321e+14 3.64938081e+14 3.91327276e+14]
 [3.33325145e+14 3.53872470e+14 3.70466492e+14 3.94735444e+14]
 [3.34828831e+14 3.52458191e+14 3.73424561e+14 3.95980309e+14]]
resolution: 32.0, a: 0.35, wid: 0.193, cellsize:7
[[3.20074804e+14 3.52298464e+14 3.65708697e+14 3.80056909e+14]
 [3.25137929e+14 3.58806021e+14 3.61330408e+14 3.86141595e+14]
 [3.29723167e+14 3.57209969e+14 3.64978868e+14 3.91179329e+14]
 [3.33329212e+14 3.53874651e+14 3.70492120e+14 3.94653438e+14]
 [3.34832078e+14 3.52460710e+14 3.73441623e+14 3.95921899e+14]]
resolution: 32.0, a: 0.35, wid: 0.193, cellsize:8
[[3.20077441e+14 3.52324865e+14 3.65709289e+14 3.79865523e+14]
 [3.25139545e+14 3.58822429e+14 3.61330671e+14 3.86033000e+14]
 [3.29724135e+14 3.57210230e+14 3.64988793e+14 3.91123931e+14]
 [3.33329785e+14 3.53874990e+14 3.70497758e+14 3.94627963e+14]
 [3.34832500e+14 3.52461105e+14 3.73444981e+14 3.95906191e+14]]
resolution: 32.0, a: 0.35, wid: 0.193, cellsize:9
[[3.20077951e+14 3.52332599e+14 3.65709488e+14 3.79767311e+14]
 [3.25139831e+14 3.58826846e+14 3.61330729e+14 3.85983976e+14]
 [3.29724292e+14 3.57210278e+14 3.64991247e+14 3.91102376e+14]
 [3.33329869e+14 3.53875047e+14 3.70499020e+14 3.94619736e+14]
 [3.34832556e+14 3.52461170e+14 3.73445652e+14 3.95901884e+14]]
resolution: 32.0, a: 0.35, wid: 0.193, cellsize:10
[[3.20078048e+14 3.52334884e+14 3.65709556e+14 3.79715000e+14]
 [3.25139884e+14 3.58828052e+14 3.61330747e+14 3.85961234e+14]
 [3.29724318e+14 3.57210288e+14 3.64991859e+14 3.91093767e+14]
 [3.33329883e+14 3.53875059e+14 3.70499307e+14 3.94617009e+14]
 [3.34832565e+14 3.52461182e+14 3.73445788e+14 3.95900666e+14]]
resolution: 32.0, a: 0.35, wid: 0.194, cellsize:4
[[3.19277118e+14 3.50647242e+14 3.65161910e+14 3.83173496e+14]
 [3.24455165e+14 3.57467849e+14 3.60766987e+14 3.88410365e+14]
 [3.29138784e+14 3.56611826e+14 3.63905786e+14 3.92745401e+14]
 [3.32829379e+14 3.53227981e+14 3.69649774e+14 3.95716619e+14]
 [3.34374125e+14 3.51783837e+14 3.72753904e+14 3.82640527e+14]]
resolution: 32.0, a: 0.35, wid: 0.194, cellsize:5
[[3.19697248e+14 3.51756120e+14 3.65229935e+14 3.81009701e+14]
 [3.24791743e+14 3.58370114e+14 3.60841240e+14 3.86688666e+14]
 [3.29410734e+14 3.56699164e+14 3.64626594e+14 3.91407557e+14]
 [3.33056158e+14 3.53330896e+14 3.70213148e+14 3.94663595e+14]
 [3.34582986e+14 3.51895020e+14 3.73218905e+14 3.83100840e+14]]
resolution: 32.0, a: 0.35, wid: 0.194, cellsize:6
[[3.19772158e+14 3.52072932e+14 3.65239929e+14 3.80153826e+14]
 [3.24846381e+14 3.58604358e+14 3.60850558e+14 3.86076013e+14]
 [3.29450556e+14 3.56710471e+14 3.64796177e+14 3.90992112e+14]
 [3.33085834e+14 3.53345315e+14 3.70331669e+14 3.94386957e+14]
 [3.34608555e+14 3.51911296e+14 3.73306871e+14 3.95626935e+14]]
resolution: 32.0, a: 0.35, wid: 0.194, cellsize:7
[[3.19785943e+14 3.52163425e+14 3.65242019e+14 3.79770127e+14]
 [3.24855585e+14 3.58665584e+14 3.60851937e+14 3.85830457e+14]
 [3.29456636e+14 3.56712064e+14 3.64836638e+14 3.90847352e+14]
 [3.33089876e+14 3.53347432e+14 3.70357131e+14 3.94306554e+14]
 [3.34611789e+14 3.51913752e+14 3.73323839e+14 3.95569436e+14]]
resolution: 32.0, a: 0.35, wid: 0.194, cellsize:8
[[3.19788542e+14 3.52189546e+14 3.65242613e+14 3.79584333e+14]
 [3.24857180e+14 3.58681817e+14 3.60852189e+14 3.85725061e+14]
 [3.29457595e+14 3.56712312e+14 3.64846463e+14 3.90793541e+14]
 [3.33090447e+14 3.53347757e+14 3.70362722e+14 3.94281745e+14]
 [3.34612211e+14 3.51914133e+14 3.73327172e+14 3.95554078e+14]]
resolution: 32.0, a: 0.35, wid: 0.194, cellsize:9
[[3.19789044e+14 3.52197178e+14 3.65242806e+14 3.79489760e+14]
 [3.24857462e+14 3.58686178e+14 3.60852245e+14 3.85677858e+14]
 [3.29457752e+14 3.56712357e+14 3.64848886e+14 3.90772761e+14]
 [3.33090531e+14 3.53347811e+14 3.70363972e+14 3.94273789e+14]
 [3.34612270e+14 3.51914194e+14 3.73327837e+14 3.95549890e+14]]
resolution: 32.0, a: 0.35, wid: 0.194, cellsize:10
[[3.19789142e+14 3.52199433e+14 3.65242881e+14 3.79439850e+14]
 [3.24857516e+14 3.58687365e+14 3.60852261e+14 3.85656141e+14]
 [3.29457780e+14 3.56712367e+14 3.64849494e+14 3.90764542e+14]
 [3.33090546e+14 3.53347821e+14 3.70364255e+14 3.94271170e+14]
 [3.34612280e+14 3.51914205e+14 3.73327972e+14 3.95548705e+14]]
resolution: 32.0, a: 0.35, wid: 0.195, cellsize:4
[[3.18952444e+14 3.50482749e+14 3.64764271e+14 3.82719683e+14]
 [3.24125371e+14 3.57293500e+14 3.60369958e+14 3.87926699e+14]
 [3.28806796e+14 3.56213732e+14 3.63724052e+14 3.92231437e+14]
 [3.32498995e+14 3.52826316e+14 3.69466525e+14 3.95177271e+14]
 [3.34046385e+14 3.51378858e+14 3.72577801e+14 3.82385183e+14]]
resolution: 32.0, a: 0.35, wid: 0.195, cellsize:5
[[3.19369848e+14 3.51586550e+14 3.64832313e+14 3.80580978e+14]
 [3.24459976e+14 3.58191365e+14 3.60443767e+14 3.86224855e+14]
 [3.29077437e+14 3.56300221e+14 3.64441317e+14 3.90907905e+14]
 [3.32725033e+14 3.52927980e+14 3.70027367e+14 3.94133458e+14]
 [3.34254786e+14 3.51488574e+14 3.73040926e+14 3.82841653e+14]]
resolution: 32.0, a: 0.35, wid: 0.195, cellsize:6
[[3.19443983e+14 3.51900903e+14 3.64842332e+14 3.79742383e+14]
 [3.24514089e+14 3.58423750e+14 3.60452995e+14 3.85624920e+14]
 [3.29116923e+14 3.56311356e+14 3.64609577e+14 3.90500929e+14]
 [3.32754509e+14 3.52942155e+14 3.70145046e+14 3.93861786e+14]
 [3.34280212e+14 3.51504570e+14 3.73128340e+14 3.95087361e+14]]
resolution: 32.0, a: 0.35, wid: 0.195, cellsize:7
[[3.19457584e+14 3.51990433e+14 3.64844431e+14 3.79370039e+14]
 [3.24523173e+14 3.58484315e+14 3.60454355e+14 3.85386858e+14]
 [3.29122931e+14 3.56312917e+14 3.64649612e+14 3.90360582e+14]
 [3.32758512e+14 3.52944228e+14 3.70170272e+14 3.93783622e+14]
 [3.34283419e+14 3.51506976e+14 3.73145162e+14 3.95031246e+14]]
resolution: 32.0, a: 0.35, wid: 0.195, cellsize:8
[[3.19460140e+14 3.52016206e+14 3.64845040e+14 3.79191523e+14]
 [3.24524741e+14 3.58500329e+14 3.60454602e+14 3.85285759e+14]
 [3.29123875e+14 3.56313158e+14 3.64659307e+14 3.90308971e+14]
 [3.32759075e+14 3.52944546e+14 3.70175796e+14 3.93759752e+14]
 [3.34283835e+14 3.51507348e+14 3.73148460e+14 3.95016388e+14]]
resolution: 32.0, a: 0.35, wid: 0.195, cellsize:9
[[3.19460627e+14 3.52023707e+14 3.64845224e+14 3.79101654e+14]
 [3.24525017e+14 3.58504619e+14 3.60454656e+14 3.85240984e+14]
 [3.29124028e+14 3.56313202e+14 3.64661692e+14 3.90289260e+14]
 [3.32759158e+14 3.52944599e+14 3.70177027e+14 3.93752178e+14]
 [3.34283892e+14 3.51507408e+14 3.73149116e+14 3.95012387e+14]]
resolution: 32.0, a: 0.35, wid: 0.195, cellsize:10
[[3.19460722e+14 3.52025917e+14 3.64845291e+14 3.79054799e+14]
 [3.24525070e+14 3.58505783e+14 3.60454673e+14 3.85220626e+14]
 [3.29124054e+14 3.56313211e+14 3.64662284e+14 3.90281537e+14]
 [3.32759173e+14 3.52944610e+14 3.70177306e+14 3.93749711e+14]
 [3.34283902e+14 3.51507420e+14 3.73149249e+14 3.95011280e+14]]
resolution: 32.0, a: 0.35, wid: 0.196, cellsize:4
[[3.18479332e+14 3.50248661e+14 3.64041516e+14 3.82133909e+14]
 [3.23654147e+14 3.57043894e+14 3.59637551e+14 3.87311366e+14]
 [3.28349650e+14 3.55461630e+14 3.63462974e+14 3.91588194e+14]
 [3.32071567e+14 3.52041118e+14 3.69203911e+14 3.94512155e+14]
 [3.33641676e+14 3.50569821e+14 3.72328200e+14 3.81998601e+14]]
resolution: 32.0, a: 0.35, wid: 0.196, cellsize:5
[[3.18891710e+14 3.51344049e+14 3.64109494e+14 3.80029801e+14]
 [3.23985009e+14 3.57934420e+14 3.59710425e+14 3.85636808e+14]
 [3.28617678e+14 3.55546452e+14 3.64174234e+14 3.90284603e+14]
 [3.32295937e+14 3.52140439e+14 3.69760296e+14 3.93482030e+14]
 [3.33848840e+14 3.50676855e+14 3.72787793e+14 3.82449026e+14]]
resolution: 32.0, a: 0.35, wid: 0.196, cellsize:6
[[3.18964560e+14 3.51654583e+14 3.64119529e+14 3.79213698e+14]
 [3.24038247e+14 3.58163886e+14 3.59719445e+14 3.85053198e+14]
 [3.28656607e+14 3.55557231e+14 3.64340393e+14 3.89888428e+14]
 [3.32325082e+14 3.52154141e+14 3.69876624e+14 3.93216861e+14]
 [3.33874022e+14 3.50692331e+14 3.72874255e+14 3.82545275e+14]]
resolution: 32.0, a: 0.35, wid: 0.196, cellsize:7
[[3.18977854e+14 3.51742648e+14 3.64121646e+14 3.78855584e+14]
 [3.24047139e+14 3.58223444e+14 3.59720757e+14 3.84824463e+14]
 [3.28662503e+14 3.55558717e+14 3.64379773e+14 3.89753509e+14]
 [3.32329022e+14 3.52156119e+14 3.69901465e+14 3.93141458e+14]
 [3.33877180e+14 3.50694635e+14 3.72890829e+14 3.82566243e+14]]
resolution: 32.0, a: 0.35, wid: 0.196, cellsize:8
[[3.18980340e+14 3.51767893e+14 3.64122245e+14 3.78686184e+14]
 [3.24048666e+14 3.58239128e+14 3.59720991e+14 3.84728609e+14]
 [3.28663424e+14 3.55558942e+14 3.64389272e+14 3.89704542e+14]
 [3.32329574e+14 3.52156418e+14 3.69906888e+14 3.93118718e+14]
 [3.33877589e+14 3.50694988e+14 3.72894073e+14 3.94360730e+14]]
resolution: 32.0, a: 0.35, wid: 0.196, cellsize:9
[[3.18980810e+14 3.51775217e+14 3.64122425e+14 3.78602081e+14]
 [3.24048933e+14 3.58243314e+14 3.59721041e+14 3.84686747e+14]
 [3.28663573e+14 3.55558981e+14 3.64391600e+14 3.89686092e+14]
 [3.32329654e+14 3.52156467e+14 3.69908093e+14 3.93111594e+14]
 [3.33877644e+14 3.50695043e+14 3.72894717e+14 3.94356980e+14]]
resolution: 32.0, a: 0.35, wid: 0.196, cellsize:10
[[3.18980903e+14 3.51777367e+14 3.64122500e+14 3.78558898e+14]
 [3.24048983e+14 3.58244446e+14 3.59721055e+14 3.84667988e+14]
 [3.28663599e+14 3.55558990e+14 3.64392179e+14 3.89678977e+14]
 [3.32329668e+14 3.52156476e+14 3.69908366e+14 3.93109303e+14]
 [3.33877653e+14 3.50695053e+14 3.72894848e+14 3.94355943e+14]]
resolution: 32.0, a: 0.35, wid: 0.197, cellsize:4
[[3.18115861e+14 3.50080261e+14 3.63540535e+14 3.81693884e+14]
 [3.23290101e+14 3.56865287e+14 3.59130709e+14 3.86850445e+14]
 [3.27992111e+14 3.54943716e+14 3.63277602e+14 3.91108136e+14]
 [3.31729775e+14 3.51504731e+14 3.69020278e+14 3.94017542e+14]
 [3.33312648e+14 3.50019762e+14 3.72158138e+14 3.81712066e+14]]
resolution: 32.0, a: 0.35, wid: 0.197, cellsize:5
[[3.18524887e+14 3.51169749e+14 3.63608537e+14 3.79613383e+14]
 [3.23618494e+14 3.57750712e+14 3.59203093e+14 3.85194145e+14]
 [3.28258439e+14 3.55027592e+14 3.63984739e+14 3.89817516e+14]
 [3.31953088e+14 3.51602665e+14 3.69573661e+14 3.92995941e+14]
 [3.33519056e+14 3.50125173e+14 3.72615347e+14 3.94151523e+14]]
resolution: 32.0, a: 0.35, wid: 0.197, cellsize:6
[[3.18596858e+14 3.51477609e+14 3.63618608e+14 3.78813130e+14]
 [3.23671135e+14 3.57978149e+14 3.59212012e+14 3.84621886e+14]
 [3.28296988e+14 3.55038176e+14 3.64149453e+14 3.89428728e+14]
 [3.31982008e+14 3.51616092e+14 3.69689077e+14 3.92735121e+14]
 [3.33544076e+14 3.50140342e+14 3.72701165e+14 3.82253185e+14]]
resolution: 32.0, a: 0.35, wid: 0.197, cellsize:7
[[3.18609940e+14 3.51564647e+14 3.63620731e+14 3.78465090e+14]
 [3.23679898e+14 3.58037007e+14 3.59213305e+14 3.84399679e+14]
 [3.28302810e+14 3.55039628e+14 3.64188383e+14 3.89297560e+14]
 [3.31985910e+14 3.51618024e+14 3.69713664e+14 3.92661607e+14]
 [3.33547207e+14 3.50142594e+14 3.72717582e+14 3.93885628e+14]]
resolution: 32.0, a: 0.35, wid: 0.197, cellsize:8
[[3.18612380e+14 3.51589527e+14 3.63621333e+14 3.78302144e+14]
 [3.23681400e+14 3.58052464e+14 3.59213538e+14 3.84307484e+14]
 [3.28303719e+14 3.55039850e+14 3.64197748e+14 3.89250417e+14]
 [3.31986457e+14 3.51618318e+14 3.69719019e+14 3.92639636e+14]
 [3.33547613e+14 3.50142941e+14 3.72720787e+14 3.93871835e+14]]
resolution: 32.0, a: 0.35, wid: 0.197, cellsize:9
[[3.18612844e+14 3.51596727e+14 3.63621520e+14 3.78222008e+14]
 [3.23681663e+14 3.58056576e+14 3.59213590e+14 3.84267634e+14]
 [3.28303867e+14 3.55039890e+14 3.64200037e+14 3.89232831e+14]
 [3.31986538e+14 3.51618368e+14 3.69720206e+14 3.92632816e+14]
 [3.33547670e+14 3.50142999e+14 3.72721422e+14 3.93868165e+14]]
resolution: 32.0, a: 0.35, wid: 0.197, cellsize:10
[[3.18612933e+14 3.51598829e+14 3.63621587e+14 3.78181329e+14]
 [3.23681714e+14 3.58057686e+14 3.59213606e+14 3.84249970e+14]
 [3.28303894e+14 3.55039901e+14 3.64200604e+14 3.89226116e+14]
 [3.31986553e+14 3.51618380e+14 3.69720474e+14 3.92630642e+14]
 [3.33547681e+14 3.50143012e+14 3.72721551e+14 3.93867169e+14]]
resolution: 32.0, a: 0.35, wid: 0.198, cellsize:4
[[3.17816132e+14 3.49919370e+14 3.63150452e+14 3.81281523e+14]
 [3.22988783e+14 3.56695026e+14 3.58737519e+14 3.86417659e+14]
 [3.27693811e+14 3.54544134e+14 3.63100991e+14 3.90655654e+14]
 [3.31440580e+14 3.51094015e+14 3.68844708e+14 3.93549356e+14]
 [3.33031317e+14 3.49600500e+14 3.71994147e+14 3.94595065e+14]]
resolution: 32.0, a: 0.35, wid: 0.198, cellsize:5
[[3.18222861e+14 3.51003555e+14 3.63218563e+14 3.79220265e+14]
 [3.23315529e+14 3.57575872e+14 3.58809598e+14 3.84776040e+14]
 [3.27959065e+14 3.54627350e+14 3.63804431e+14 3.89375201e+14]
 [3.31663313e+14 3.51190938e+14 3.69395403e+14 3.92534045e+14]
 [3.33237392e+14 3.49704709e+14 3.72449234e+14 3.81890017e+14]]
resolution: 32.0, a: 0.35, wid: 0.198, cellsize:6
[[3.18294176e+14 3.51308970e+14 3.63228666e+14 3.78433701e+14]
 [3.23367729e+14 3.57801461e+14 3.58818440e+14 3.84213572e+14]
 [3.27997336e+14 3.54637786e+14 3.63967830e+14 3.88992748e+14]
 [3.31692075e+14 3.51204155e+14 3.69509984e+14 3.92276891e+14]
 [3.33262302e+14 3.49719636e+14 3.72534458e+14 3.93471377e+14]]
resolution: 32.0, a: 0.35, wid: 0.198, cellsize:7
[[3.18307097e+14 3.51395073e+14 3.63230793e+14 3.78094576e+14]
 [3.23376390e+14 3.57859678e+14 3.58819714e+14 3.83997097e+14]
 [3.28003098e+14 3.54639205e+14 3.64006346e+14 3.88864867e+14]
 [3.31695943e+14 3.51206044e+14 3.69534336e+14 3.92205021e+14]
 [3.33265410e+14 3.49721839e+14 3.72550728e+14 3.93419456e+14]]
resolution: 32.0, a: 0.35, wid: 0.198, cellsize:8
[[3.18309496e+14 3.51419612e+14 3.63231382e+14 3.77937230e+14]
 [3.23377868e+14 3.57874924e+14 3.58819941e+14 3.83908118e+14]
 [3.28003994e+14 3.54639419e+14 3.64015588e+14 3.88819330e+14]
 [3.31696483e+14 3.51206330e+14 3.69539627e+14 3.92183729e+14]
 [3.33265811e+14 3.49722177e+14 3.72553897e+14 3.93406015e+14]]
resolution: 32.0, a: 0.35, wid: 0.198, cellsize:9
[[3.18309951e+14 3.51426693e+14 3.63231575e+14 3.77860698e+14]
 [3.23378127e+14 3.57878970e+14 3.58819991e+14 3.83870040e+14]
 [3.28004139e+14 3.54639458e+14 3.64017840e+14 3.88802504e+14]
 [3.31696563e+14 3.51206377e+14 3.69540797e+14 3.92177179e+14]
 [3.33265867e+14 3.49722232e+14 3.72554524e+14 3.93402489e+14]]
resolution: 32.0, a: 0.35, wid: 0.198, cellsize:10
[[3.18310037e+14 3.51428757e+14 3.63231636e+14 3.77822218e+14]
 [3.23378175e+14 3.57880058e+14 3.58820006e+14 3.83853330e+14]
 [3.28004165e+14 3.54639468e+14 3.64018396e+14 3.88796142e+14]
 [3.31696577e+14 3.51206388e+14 3.69541060e+14 3.92175110e+14]
 [3.33265877e+14 3.49722244e+14 3.72554650e+14 3.93401539e+14]]
resolution: 32.0, a: 0.35, wid: 0.199, cellsize:4
[[3.17358995e+14 3.49699942e+14 3.62525247e+14 3.80675801e+14]
 [3.22531168e+14 3.56463185e+14 3.58107394e+14 3.85779186e+14]
 [3.27244105e+14 3.53902089e+14 3.62860220e+14 3.89986224e+14]
 [3.31009919e+14 3.50430476e+14 3.68603325e+14 3.92855619e+14]
 [3.32615971e+14 3.48920830e+14 3.71764516e+14 3.81105846e+14]]
resolution: 32.0, a: 0.35, wid: 0.199, cellsize:5
[[3.17760374e+14 3.50779707e+14 3.62589076e+14 3.78645061e+14]
 [3.22853830e+14 3.57340487e+14 3.58174214e+14 3.84161057e+14]
 [3.27506602e+14 3.53979012e+14 3.63561031e+14 3.88722221e+14]
 [3.31231344e+14 3.50519855e+14 3.69152064e+14 3.91850728e+14]
 [3.32821604e+14 3.49016691e+14 3.72217399e+14 3.92986117e+14]]
resolution: 32.0, a: 0.35, wid: 0.199, cellsize:6
[[3.17830643e+14 3.51082045e+14 3.62599268e+14 3.77878897e+14]
 [3.22905334e+14 3.57563767e+14 3.58182942e+14 3.83613310e+14]
 [3.27544441e+14 3.53989196e+14 3.63722794e+14 3.88349357e+14]
 [3.31259867e+14 3.50532707e+14 3.69265618e+14 3.91599180e+14]
 [3.32846350e+14 3.49031203e+14 3.72301939e+14 3.92779875e+14]]
resolution: 32.0, a: 0.35, wid: 0.199, cellsize:7
[[3.17843314e+14 3.51166949e+14 3.62601431e+14 3.77552708e+14]
 [3.22913838e+14 3.57621169e+14 3.58184198e+14 3.83405199e+14]
 [3.27550111e+14 3.53990572e+14 3.63760785e+14 3.88226303e+14]
 [3.31263685e+14 3.50534536e+14 3.69289671e+14 3.91529743e+14]
 [3.32849429e+14 3.49033344e+14 3.72318037e+14 3.92729170e+14]]
resolution: 32.0, a: 0.35, wid: 0.199, cellsize:8
[[3.17847234e+14 3.51188921e+14 3.62606566e+14 3.77403399e+14]
 [3.22916667e+14 3.57634082e+14 3.58189162e+14 3.83320859e+14]
 [3.27552005e+14 3.53995895e+14 3.63768038e+14 3.88183135e+14]
 [3.31264630e+14 3.50540535e+14 3.69293712e+14 3.91509508e+14]
 [3.32849797e+14 3.49039830e+14 3.72321108e+14 3.92716522e+14]]
resolution: 32.0, a: 0.35, wid: 0.199, cellsize:9
[[3.17844513e+14 3.51200138e+14 3.62597684e+14 3.77331723e+14]
 [3.22914147e+14 3.57642188e+14 3.58179727e+14 3.83285188e+14]
 [3.27550109e+14 3.53985695e+14 3.63773914e+14 3.88167262e+14]
 [3.31263875e+14 3.50529130e+14 3.69297201e+14 3.91503204e+14]
 [3.32849894e+14 3.49027554e+14 3.72321823e+14 3.92713034e+14]]
resolution: 32.0, a: 0.35, wid: 0.199, cellsize:10
[[3.17846177e+14 3.51200004e+14 3.62602283e+14 3.77296303e+14]
 [3.22915577e+14 3.57641169e+14 3.58184478e+14 3.83269824e+14]
 [3.27551151e+14 3.53990819e+14 3.63772616e+14 3.88161451e+14]
 [3.31264304e+14 3.50534862e+14 3.69296285e+14 3.91501353e+14]
 [3.32849883e+14 3.49033729e+14 3.72321898e+14 3.92712083e+14]]
resolution: 32.0, a: 0.35, wid: 0.19, cellsize:11
[[3.20865218e+14 3.52414412e+14 3.67003412e+14 3.80494079e+14]
 [3.25904582e+14 3.58900642e+14 3.62658134e+14 3.86863281e+14]
 [3.30440281e+14 3.58594398e+14 3.65049487e+14 3.92094640e+14]
 [3.33966549e+14 3.55343266e+14 3.70521335e+14 3.95689572e+14]
 [3.35415049e+14 3.53985163e+14 3.73416245e+14 3.97000934e+14]]
resolution: 32.0, a: 0.35, wid: 0.19, cellsize:12
[[3.21105446e+14 3.52869775e+14 3.67324516e+14 3.80643587e+14]
 [3.26154624e+14 3.59385862e+14 3.62971532e+14 3.87052247e+14]
 [3.30699369e+14 3.58900091e+14 3.65562161e+14 3.92311809e+14]
 [3.34233074e+14 3.55642269e+14 3.71055979e+14 3.95926574e+14]
 [3.35685040e+14 3.54280921e+14 3.73959120e+14 3.97245735e+14]]
resolution: 32.0, a: 0.35, wid: 0.19, cellsize:13
[[3.21263025e+14 3.53080685e+14 3.67517459e+14 3.80770007e+14]
 [3.26315884e+14 3.59614844e+14 3.63162415e+14 3.87206523e+14]
 [3.30863580e+14 3.59089124e+14 3.65809948e+14 3.92485989e+14]
 [3.34399168e+14 3.55830070e+14 3.71324880e+14 3.96115409e+14]
 [3.35851749e+14 3.54468327e+14 3.74245526e+14 3.97440594e+14]]
resolution: 32.0, a: 0.35, wid: 0.19, cellsize:14
[[3.21105447e+14 3.52869863e+14 3.67324526e+14 3.80624941e+14]
 [3.26154625e+14 3.59385896e+14 3.62971532e+14 3.87047311e+14]
 [3.30699369e+14 3.58900091e+14 3.65562170e+14 3.92310702e+14]
 [3.34233076e+14 3.55642270e+14 3.71055985e+14 3.95926385e+14]
 [3.35685043e+14 3.54280922e+14 3.73959122e+14 3.97245696e+14]]
resolution: 32.0, a: 0.35, wid: 0.19, cellsize:15
[[3.21105448e+14 3.52869869e+14 3.67324528e+14 3.80620811e+14]
 [3.26154626e+14 3.59385899e+14 3.62971534e+14 3.87046475e+14]
 [3.30699370e+14 3.58900092e+14 3.65562171e+14 3.92310561e+14]
 [3.34233077e+14 3.55642271e+14 3.71055985e+14 3.95926366e+14]
 [3.35685044e+14 3.54280923e+14 3.73959122e+14 3.97245694e+14]]
resolution: 32.0, a: 0.35, wid: 0.191, cellsize:11
[[3.20517495e+14 3.52273667e+14 3.66414520e+14 3.80143424e+14]
 [3.25565671e+14 3.58755376e+14 3.62056392e+14 3.86467841e+14]
 [3.30121487e+14 3.57969751e+14 3.64904452e+14 3.91661877e+14]
 [3.33680888e+14 3.54683845e+14 3.70388498e+14 3.95229937e+14]
 [3.35151766e+14 3.53302822e+14 3.73307236e+14 3.96531234e+14]]
resolution: 32.0, a: 0.35, wid: 0.191, cellsize:12
[[3.20821050e+14 3.52706736e+14 3.66908704e+14 3.80356331e+14]
 [3.25871330e+14 3.59215514e+14 3.62550258e+14 3.86724050e+14]
 [3.30423051e+14 3.58468796e+14 3.65387819e+14 3.91947436e+14]
 [3.33970630e+14 3.55195289e+14 3.70885750e+14 3.95534080e+14]
 [3.35432693e+14 3.53823237e+14 3.73802132e+14 3.96841846e+14]]
resolution: 32.0, a: 0.35, wid: 0.191, cellsize:13
[[3.20941223e+14 3.52892843e+14 3.66986849e+14 3.80471574e+14]
 [3.25998267e+14 3.59417824e+14 3.62622874e+14 3.86864895e+14]
 [3.30559444e+14 3.58532789e+14 3.65607617e+14 3.92107072e+14]
 [3.34119389e+14 3.55247407e+14 3.71126802e+14 3.95707872e+14]
 [3.35589072e+14 3.53867919e+14 3.74062765e+14 3.97021508e+14]]
resolution: 32.0, a: 0.35, wid: 0.191, cellsize:14
[[3.20821056e+14 3.52706827e+14 3.66908709e+14 3.80339260e+14]
 [3.25871331e+14 3.59215547e+14 3.62550259e+14 3.86719513e+14]
 [3.30423051e+14 3.58468796e+14 3.65387828e+14 3.91946414e+14]
 [3.33970631e+14 3.55195291e+14 3.70885756e+14 3.95533904e+14]
 [3.35432696e+14 3.53823239e+14 3.73802135e+14 3.96841804e+14]]
resolution: 32.0, a: 0.35, wid: 0.191, cellsize:15
[[3.20821054e+14 3.52706830e+14 3.66908720e+14 3.80335529e+14]
 [3.25871332e+14 3.59215550e+14 3.62550260e+14 3.86718757e+14]
 [3.30423052e+14 3.58468797e+14 3.65387829e+14 3.91946286e+14]
 [3.33970632e+14 3.55195292e+14 3.70885756e+14 3.95533887e+14]
 [3.35432696e+14 3.53823240e+14 3.73802135e+14 3.96841801e+14]]
resolution: 32.0, a: 0.35, wid: 0.192, cellsize:11
[[3.20081473e+14 3.52089963e+14 3.65836047e+14 3.79684908e+14]
 [3.25128014e+14 3.58563201e+14 3.61474051e+14 3.85946123e+14]
 [3.29688150e+14 3.57379262e+14 3.64706327e+14 3.91083532e+14]
 [3.33258983e+14 3.54079665e+14 3.70190382e+14 3.94607485e+14]
 [3.34738338e+14 3.52689441e+14 3.73116774e+14 3.95890823e+14]]
resolution: 32.0, a: 0.35, wid: 0.192, cellsize:12
[[3.20375317e+14 3.52481471e+14 3.66220578e+14 3.79928373e+14]
 [3.25430216e+14 3.58979640e+14 3.61852470e+14 3.86236951e+14]
 [3.29997531e+14 3.57751811e+14 3.65144572e+14 3.91409289e+14]
 [3.33573703e+14 3.54447559e+14 3.70642871e+14 3.94957438e+14]
 [3.35056023e+14 3.53054560e+14 3.73569389e+14 3.96250055e+14]]
resolution: 32.0, a: 0.35, wid: 0.192, cellsize:13
[[3.20630214e+14 3.52751477e+14 3.66462934e+14 3.80195037e+14]
 [3.25693533e+14 3.59270362e+14 3.62088934e+14 3.86548913e+14]
 [3.30270831e+14 3.57980085e+14 3.65457473e+14 3.91757333e+14]
 [3.33858551e+14 3.54665363e+14 3.70982573e+14 3.95332763e+14]
 [3.35347353e+14 3.53266248e+14 3.73933855e+14 3.96636496e+14]]
resolution: 32.0, a: 0.35, wid: 0.192, cellsize:14
[[3.20375319e+14 3.52481557e+14 3.66220586e+14 3.79913301e+14]
 [3.25430215e+14 3.58979672e+14 3.61852470e+14 3.86232941e+14]
 [3.29997533e+14 3.57751812e+14 3.65144588e+14 3.91408400e+14]
 [3.33573704e+14 3.54447560e+14 3.70642876e+14 3.94957282e+14]
 [3.35056024e+14 3.53054560e+14 3.73569391e+14 3.96250017e+14]]
resolution: 32.0, a: 0.35, wid: 0.192, cellsize:15
[[3.20375320e+14 3.52481565e+14 3.66220579e+14 3.79910128e+14]
 [3.25430216e+14 3.58979675e+14 3.61852471e+14 3.86232288e+14]
 [3.29997531e+14 3.57751811e+14 3.65144583e+14 3.91408273e+14]
 [3.33573704e+14 3.54447560e+14 3.70642876e+14 3.94957265e+14]
 [3.35056024e+14 3.53054561e+14 3.73569391e+14 3.96250017e+14]]
